38
120
269
11534723
49303018
83944009
117535393
150078195
180524865
78878
82034
81159
17911170
55673324
91346508
124926629
157461240
187901766
90424346
67356781
47436030
58973567
85193200
116658773
149175984
180649733
212127572
183887933
167110779
141948157
133565822
143012340
163994206
191267518
219592470
250015591
266853479
257416340
236446980
221774210
220737017
230186599
249075404
273208104
299437949
347715729
341423284
326744339
313118090
306838017
308949617
320500441
338344761
360383378
426473659
422279383
412842281
402360727
395030027
393995900
400304871
412907338
429706151
503131366
501034237
495790404
488452521
483217945
481133193
484296437
493753180
507407291
578736401
577687845
575589731
572445120
569304618
568267417
570380037
577740653
588249040
63963171
40894581
34603274
53477762
78669290
105967178
135363234
164760308
193108802
80811035
60888175
44115205
59852160
85034476
113367629
142753446
172142329
200485703
145992730
120826989
93567229
94621054
112453104
138676821
167000752
195328773
224709460
216390718
199613563
173402364
160826750
167127540
183914078
208042686
234270486
261548904
289922152
279435413
258466052
243793281
239609337
248011367
264803020
285788968
310971261
364492945
358200500
343521556
329895306
322566657
323628657
334130905
349878073
370868114
439057595
435911895
426474794
415992215
407612939
406577788
411838183
423392074
440190887
513618150
511519997
506277188
499987881
493703705
491618953
494782197
503190364
515795899
588174609
587126053
585027939
581883328
578742827
576657049
579818245
586129261
596637648
268435485
240124015
190841092
170927487
169908715
179377740
196188837
215098104
237154118
268482583
240176235
195100928
176242046
176261612
186769998
202525352
222477052
244527946
281238558
257123437
219379963
200513916
199474671
208924245
225716914
245657351
267699031
312850498
297122941
268814588
248897917
242615795
248918622
263611070
282498839
303486825
361222250
351785110
330814724
312995201
303568376
305677927
315128524
331921192
350812030
420067475
414824630
400144660
385469834
376041984
373958257
379216601
391817017
408612755
484148413
481002713
471564586
461082007
452702731
449569404
452731623
461139786
474791847
550321384
549272831
544028998
537739690
531454489
528321161
530433781
536744796
547252155
618587411
618586406
616488292
613343681
610203179
609164953
610227973
616538989
624949200
421527579
399507566
353372417
318794111
298897901
290539088
292668074
300040958
311609165
422617115
400602221
357626110
324091262
305238509
297923154
298998445
306367233
318979920
425919527
407047282
371403003
342054268
324242927
317966935
320081589
328490763
341096284
437615690
426081410
398821629
373663101
357944819
351665758
354825920
363229977
374781804
466071664
458731675
439858438
419940737
405270008
398990951
400053964
407409449
420008832
507098264
502902970
490320151
474595723
463069696
456790641
456805081
463113018
473617300
556502209
554405084
547064109
536580505
527150604
521920124
520885991
526147403
535604136
613240043
612191490
607996232
601705899
595419674
591236746
591251190
595464028
602824636
673119510
672069929
671020391
668923330
665781804
664742554
664756998
668968813
676329424
546308131
533725300
501236994
467705217
440467953
422670934
412214962
408051463
410181462
548448294
535870581
504428801
471942528
445750769
427949655
418539187
414373641
416500569
554874935
543343740
516089087
487790975
463690226
446930523
437513914
435439377
437560162
564472919
557132939
536165634
511008127
491096565
476430945
469106371
467026717
470190961
582450298
578256035
563577099
544707972
526891514
515369576
509091534
508059436
512271235
611949728
608803009
599364891
585737613
572113410
562687602
557459162
557474620
561686422
649825480
647727330
642483505
634097052
624666125
617336445
613155560
613172044
618434473
695033073
693983495
691884364
687691182
681404956
677219979
675136247
676201309
680415165
745477403
745476398
745474411
744425925
742331950
740243099
740255495
742369134
747631569
651177014
648036481
631273736
606128518
580987383
558994013
542245563
531789585
525529953
655410234
651220099
635503879
610357638
586262007
564267614
548565692
537059091
531845988
664963149
661819530
647147783
625142148
602089976
581139041
566480577
556018457
550800236
679794793
676650137
664071434
646254981
625295866
608533094
594919112
585501476
581327736
697776265
695678127
687291667
672616842
655848958
641181292
630709970
623386417
621307784
720990380
719940811
714696995
705262995
692687366
681163381
672788190
667561791
666530714
751532242
751531244
748384568
743142817
734759441
727428736
721150699
718020430
718037932
788356345
788356367
788354386
786257331
782066208
777880206
774746873
772665183
774780863
830416162
831463733
833558897
834607562
833561138
832519838
831481609
832545648
834661331
743466066
747664531
745579794
731966863
713115136
693217895
675419846
660768541
649266031
748740695
751889557
749803794
736189838
717336064
698486376
680687303
666034975
655578993
762472551
764570781
762481939
749912462
733152768
714298986
697544395
683936548
673477495
781488255
782536875
780443926
771016078
755300866
738539117
723877585
711315244
701899650
802613403
803662015
802614559
795279762
782706182
770135667
757568217
747099959
739779471
826880188
827927769
827927854
823735707
815354381
804878971
795455203
787082052
781856671
854283487
855331064
856378690
855330217
851141143
843809414
837530351
832301907
829173681
886919429
887967002
890062172
892159419
891114022
887974547
883791613
881708899
880676803
923741484
924789055
928981369
932126161
934224439
935279266
934240013
934253428
935319510
827364466
835756202
846251297
845219226
835803660
821147252
805446355
789746475
777193342
832634999
841025708
850471201
849438106
840021516
825365108
809662164
795009837
782455679
848449668
855791795
864186658
863150490
853730828
840118901
825461463
811855665
799298437
872696984
876892352
884236582
884244891
875869709
864351864
850738907
838177592
826665869
898012338
902206675
907451694
908505503
903271952
893847165
882328290
871861057
861394841
925427919
927524075
933814588
935914919
932775447
926494340
918119147
909745996
902423464
953883888
955981064
961221968
965416371
965420576
962283149
957051638
950774618
946596791
984428820
986524968
992814440
998057413
1000156718
1000162970
998075139
995991401
993910729
1018111289
1020207435
1026496900
1033834970
1039078975
1042228905
1043286803
1043299193
1043314651
902872212
915457220
936437042
946937257
946955802
939639426
929179362
916624187
904071055
908138648
919674054
940653875
951153065
951171610
943853186
933392099
920836924
908282768
926040227
936527053
954359092
964856233
964871706
958600835
948137701
936628031
925119380
952374452
960764121
976495928
985941418
987002395
981776005
972358376
961894213
951431067
982927563
989218026
1001803073
1011244462
1014399517
1010218633
1002894062
994523981
985107366
1013486822
1018729728
1030263118
1039702453
1043903011
1041816207
1037635318
1030310743
1022989234
1045092612
1049285915
1059770720
1069208001
1073406508
1073413784
1073425152
1070292835
1065066433
1073545510
1073544505
1073542519
1073541585
1073543737
1073548963
1073558284
1073570673
1073586129
1073678665
1073677658
1073675666
1073673702
1073673801
1073678002
1073686299
1073697664
1073712098
